62

ΙΙ -οπὶηιυο vo! -orrumum
1) codd. „i“:
0.5,9; 20,3; 52,20; J. 14,4; 16, 2, 292, 31,
25, 48,1, 58,4, 60, 1, 83, 1, 85, 10, 106, 4.
2)Υ codd. exparte „u“:
J. 68, 3, 97, 5.

ΙΙΙ -ἰΙΙὶιπυο vo! -ἱΙΙυηιυο,

1) Omn. codd. „i“:

0. 14, 1; J. ⁷,53 96, 23 113, 5.
2) Alii „i“, alii „u“:

J. 10, 2.

W infimus.
Omn. codd. „i“:

, 0. 44, 5.

V maximus ot maxumus.
1) Omnes libri ,i“:
0. 1,3, 2, 2. 2, 5,6, 7, 67, 8, 3. 5,9, 1, 14,5,
17, 6, 20, 3, 40, 4, 48, 2, 51, 43, 53, 2, 58, 6.
J. 6, 1, 8, 1, 10, 6, 14, 3, 21, 3, 23, 2,25, 9,30,
2, 31, 1, 33, 1, 43, 5, 46, 4, 47, 1, 48, 1, 48,
2, 49,3, 50,5, 56,3; 58,3.3, 66,1, 95,3,
101, 4, 104, 3, 107, 1. 2.
2) codd. aut „i“ aut ,10,
0. 17, 2, 29, 3, 33, 6, 36, 4, 37, 5. 8, 38, 3, 41, 5,
43, 2.4; 462, 48,5; 49, 2.3; 51,13, 52, 28

(618), 52, 36, 54, 5, 58, 17 (614), 60, 2. 3.

J. 4, 3, 5,4; 7,4, 9,2; 13, 27, 14, l. 12. 20,
15, 3, 29, 3, 31, 9. 14. 19, 35, 4,39, 1, 40, 2,
61, 4 (1118), 68,1, 76, 3, 85, 3. 26. 28, 89, 6,
91,1,99,1,110,].

 

