,11- “
8, 281, 4, 284, 7, 17 289, 1216, 202, 8, 294,
1.5’, 298, 18. 19. 22, 299, 11. 15. 23, 300, l. 4.
6, 304, 3, 305, 21, 31019, 31], l (515). 1217,
313, 2, 21, 315, 17, 317, 9 (515), 318, 2, 320, 6,
323, 2, 324, 2, 325, 16, 326, 8, 329, 14, 334,1.
' 43 33513, 340, 2, 344, 4. 5. 7, 316, 4. 8, 349,
5. 8, 350, 18, 35], 2, 353, 4 (bis). 5. 11. 12,
355, 4. 17. 20, 356, 8 (515), 358, 6. 15, 359, 12.
16; 362, 8. 12 (515), 364, 22, 369, 9. 11, 370, 4,
371, 5. 7 (515), 375, 7. 8, 376, 11.
2) 055551 5501555 formem -msumus servaverunt ¹):
accumulaeissume H¹ 1208, 2.
, commodissume M II 250, 20.
sedatissume M praetorum 273, 24.
depressissuma M praeter Π 111 273, 25.

ΙΙ errimus 5151151555.

1) Omnes codd. -errimusz 1
Ι 193, 6, II 232, 9, 233, 2. 3. 16, 111 269, 9, 17 349,
20, 364, 23, 376, 4.
2) (1515111515 HPBC IV 371, 11.

ΙΙΙ -111151115,

codd. semper „i“:
11209, 3. 7. 101), 12, 211, 1, 219, 4, 23], 9,

111267, 9, 26913, 27820, IV 301,8, 316, 22, ¹

em, 3; 342, 11.

1) 8551551111(11555511551115515555, ut ,depressis suma“ vel
‚depressiss summa“.

2) 0¹ diffieilumam ubi 511515 pro „11⁶¹ ,1“ seriptum 5555
videtur.

 

